.Random.seed <-
c(403L, 291L, -1825378133L, -590393274L, -957212443L, 437362827L, 
-312498475L, 648004381L, -1135159351L, 1614283818L, -1200454361L, 
-760935569L, -622933138L, 1127423442L, 1029510767L, -892699143L, 
853642521L, -1636365071L, 1029463703L, 1830500244L, -1639009204L, 
-805159726L, -1935242679L, -1855370154L, -1729404379L, 799794791L, 
-2122657297L, 1720662104L, 1353870367L, 1706820355L, -1390333060L, 
-335681095L, -328556008L, 1897975858L, 1016266877L, -1297961649L, 
661075073L, -730735171L, 604534451L, 1741100468L, 1674037744L, 
-1244227168L, 1896021067L, 1092598500L, -1564299269L, 1366781379L, 
359217608L, -1001412818L, -1835432327L, 1784307823L, 636950677L, 
1370227830L, 1860495363L, -274411017L, 444921415L, -899419569L, 
-733096005L, 684625931L, -1484966937L, -462618193L, -1507474896L, 
1096377436L, 572952679L, -1279147291L, -1237994327L, -1057404220L, 
-2090391975L, -48116563L, -1117919474L, -461648066L, 1918416155L, 
-40174510L, 1466973432L, 1333488442L, -840139936L, -754989885L, 
-1512578985L, 729627722L, 320339121L, -622276772L, -912724254L, 
2086590380L, -1899832018L, -1531150113L, 1711751262L, -903147261L, 
-793555328L, -1876999178L, 1462698813L, 2039913721L, 1110814847L, 
342597348L, 512808574L, 1617454641L, 578364628L, 1666724380L, 
-420025373L, -1458561971L, -2049180532L, 715329698L, -80406920L, 
636487688L, -1187202031L, 572221955L, -1675525798L, -1980802710L, 
1016718599L, 550356789L, -669873127L, -757277230L, -386363126L, 
-1776139896L, -1579019655L, -605127755L, -2008532635L, -2045501309L, 
1545068821L, -1843902915L, 1925116178L, -110220618L, 195139530L, 
-616746016L, 164472137L, -795851694L, -1564154267L, 698854068L, 
257311139L, -633697018L, -423049838L, 293186746L, 495058421L, 
333424301L, 502892116L, 1997751589L, -1373499311L, 1315580721L, 
-330978866L, 1606185636L, -491924641L, 557774838L, 984654960L, 
-346876068L, -1757653239L, 1613984903L, -1303024292L, -54906817L, 
-504030992L, 86604438L, 262070542L, 1034567725L, 1438420004L, 
413703414L, -231651717L, -1848694198L, 210556987L, 1697064511L, 
1463147671L, -1607456636L, 1018432432L, -983420098L, 368157869L, 
-1392272168L, 1836813003L, 119754959L, -644557530L, -1942545061L, 
-843275497L, -602746367L, 1958425063L, -136122991L, 2129985347L, 
-1036839238L, -973104626L, -239757342L, -1771847592L, 1734224831L, 
934595899L, 1041630537L, 116806398L, 1300570635L, 1104191303L, 
1875148150L, -690433212L, -1069151047L, -2082566037L, 803006326L, 
366896812L, 593275743L, -1624367464L, 1967919245L, -1595745613L, 
-742377842L, -23070024L, -512122391L, 1540003178L, 1291053082L, 
1932755020L, -870424119L, 1847762812L, 403048405L, 360308177L, 
-659872988L, 1526633761L, 30749927L, 726487672L, 125914996L, 
-1770414641L, 475596957L, -2118814482L, -474395514L, -578517376L, 
1284630980L, -467958095L, -1821472939L, 1316213312L, -645635153L, 
1149326204L, 560390263L, 960850736L, -1952555306L, 516529032L, 
1639489740L, 1904184594L, 346501178L, 500319387L, 1399658681L, 
-1954314307L, 898839263L, 1070433421L, 1195339446L, 1883005760L, 
1867713302L, -2133064688L, 861288815L, -1696283635L, 185779564L, 
816862058L, -707685818L, 92344591L, -1001969731L, 912410227L, 
-972265145L, 304016951L, 1520275415L, -1699644705L, 228998111L, 
178327166L, -14941991L, 1311029193L, 62366205L, -572660185L, 
-1350627170L, -1267044762L, -1204169876L, -332127815L, -378345077L, 
1987270686L, 810966475L, -441787819L, 595719439L, 1651602304L, 
-797573284L, 958832494L, -472906186L, 387110141L, 668052187L, 
-209421807L, -610432409L, -246302684L, -547987571L, 961226269L, 
396138548L, 63805737L, -249337245L, 284775581L, -277972603L, 
-745978238L, 1014189093L, 79168862L, 1797227162L, -684288288L, 
1745297409L, 1179434220L, 2048193442L, -1565698554L, 1689572856L, 
-741899520L, -1563370348L, -1392746236L, -350503831L, 934958814L, 
-868863686L, 743362818L, -1678683763L, -1529009720L, 450118311L, 
-1104585858L, 2059500769L, -1517651488L, -1290229397L, 549831989L, 
1724245121L, 830159119L, -1452800192L, 1001216814L, 366129203L, 
2100041921L, -643074290L, 1404116740L, 1118670937L, -1914009369L, 
368727415L, -936866679L, 553256969L, -1604122708L, -1317685728L, 
1990996514L, -1151691408L, 1312039971L, 253442044L, 1108509485L, 
209321500L, -1366162870L, -1056717186L, 1307861287L, -1064361837L, 
1140189373L, 324750190L, 1271534700L, 1389788265L, 281892949L, 
-243943585L, -1194685774L, -487878396L, 1424888209L, 1549579525L, 
977893988L, 907087742L, 832637864L, 838093901L, 1010259029L, 
683155044L, -1960588572L, 1477627883L, 339811083L, -641874838L, 
1808515985L, -620613090L, -1643015085L, 643194243L, 334583798L, 
-424733530L, -150245193L, 780580339L, 1125194998L, -1461272905L, 
1789723039L, 258164422L, 1872631911L, -125832574L, 140952752L, 
511260194L, -1180852986L, -1971238617L, -695800338L, 588571275L, 
-364222494L, -88547990L, -768981689L, -1387533878L, 1784292983L, 
-1928099083L, -850168071L, 1279981703L, -1062394879L, 415633464L, 
-1692251470L, -327563498L, -832868634L, 1113020921L, -685091403L, 
-1799862039L, -1201662270L, -1642194820L, -395685564L, -21120448L, 
292579316L, -376126604L, 487353792L, -787753231L, -473263403L, 
-1843065882L, -854926375L, -1370155409L, 1650424124L, 1770534996L, 
1733762850L, -918465730L, 2001497122L, -1848682590L, -660623097L, 
-1010856112L, -206358715L, -1343927531L, 1740256409L, 964875501L, 
-1769851877L, 173228913L, 1814033481L, 1021271754L, 2008637330L, 
50546556L, 971775720L, 331226415L, -631385147L, 2071168934L, 
-1183706135L, -100851964L, -2073706463L, 1780744143L, 1386666492L, 
1749045357L, 1547031743L, 1259880961L, -1004286647L, 683808337L, 
-1826954403L, -926707606L, 1106860999L, 51413689L, -955817074L, 
-970109986L, 865158381L, -400032022L, 873919828L, -1210641015L, 
-41519737L, -177820506L, -682248386L, -971332184L, -313071295L, 
1951369875L, -228630332L, 371660582L, 1827241314L, -1215559109L, 
1628020784L, -749235674L, -1448572985L, -604596962L, 1128619422L, 
-166657024L, -1513694213L, 403255141L, 1765750538L, -1567480589L, 
-801078044L, -934045507L, -201411343L, -1823966405L, 525578763L, 
1739472529L, -1030321277L, 522094869L, -618483048L, 909249278L, 
-1699194072L, 1643558989L, 1288023335L, 518816210L, 1746011190L, 
1127555371L, -70284639L, 784023525L, -775828744L, 603768227L, 
-1859874232L, -2067499890L, 1588859318L, -823214121L, -671343586L, 
-525469950L, 664946388L, -1391900807L, -2028681111L, -1574637582L, 
45017084L, -1076143264L, 1843460789L, 1142913868L, -993392132L, 
-1991571488L, 491966412L, 1066871144L, 1676554425L, -1458404295L, 
111469152L, 1218058531L, -422140902L, -1991058461L, 961763309L, 
499763746L, 506955459L, 1816212338L, 334463600L, 165365201L, 
-1127433399L, 1395415745L, 224275538L, 1866326350L, 972418648L, 
2116574070L, -1686333211L, -1866552795L, 159996751L, -428362159L, 
-1134949806L, 481346332L, 2028744392L, -1624540931L, -916420533L, 
-1287931285L, 428731075L, 1398904511L, -1263441955L, 1131400463L, 
-1147670163L, 532400437L, 473442595L, 1648927879L, 1922658160L, 
-676044104L, 1468375126L, 2052562214L, 1039804511L, 2022270274L, 
-807882242L, 467521738L, -656842459L, -1385736341L, 584167819L, 
1359179420L, -1264398377L, -1108751057L, -315195377L, 1314991717L, 
1352130930L, -642445367L, 1437721919L, 152041168L, -490898467L, 
-1703106643L, 1407218244L, -740487206L, 2017371901L, -1058359883L, 
630629021L, -1611764835L, 646967817L, 1963151582L, -1580524749L, 
-898910427L, 1294951626L, -1790315276L, 494769682L, -666855080L, 
237198125L, 32287480L, 429052997L, -2139516799L, 288055589L, 
-107084437L, 1807247449L, 1370640433L, -103908813L, -1166317400L, 
-508710069L, 1496363825L, -1679525045L, 723920333L, -1412149899L, 
1351570362L, 1266587895L, -1537739674L, 1379485954L, 271264017L, 
273639648L, -981292732L, -678622213L, -1165918027L, 440308277L, 
-1642624820L, -392941725L, -1747919046L, 1738533752L, -1542376891L, 
150928545L, -616071640L, -2047822830L, 512568025L, 1368999882L, 
725702779L, 1321960819L, 2146471372L, -665243538L, 2006315593L, 
